Residente-13:27:13.130610900
Residente-13:27:20.227700
Residente-13:27:29.689711600
Residente-13:27:49.230060600
Residente-13:27:58.469961700
Residente-17:16:33.755282200
Residente-17:16:44.455962
Visitante-17:16:44.455962
Visitante-17:16:44.455962
Visitante-17:16:44.455962
Residente-20:23:59.762987200
Residente-20:24:12.247408700
Visitante-17:42:33.230557100
Residente-18:38:14.108331600
Residente-13:41:02.788958
Residente-13:41:10.532218500
Visitante-13:41:45.801443500
